30	1505.69	7510.4082	153.9	0.0
31	2609.9	7372.1184	753.0	0.0
31	1549.74	7272.9359	15096.0	0.0
31	539.7	7168.8952	500.2	0.0
32	734.34	6965.4307	45445.6	0.0
32	1384.54	7030.2514	4541.0	0.0
32	1772.28	7067.2181	54592.3	0.0
33	461.9	6727.4583	191.6	0.0
33	853.86	6766.6117	646.3	0.0
33	1569.61	6834.9246	550.8	0.0
33	2430.8	6911.2264	823.5	0.0
34	474.94	6531.3418	714.4	0.0
34	1020.93	6583.906	2767.2	0.0
34	1245.75	6604.8534	907.9	0.0
34	1885.44	6662.2686	1101.3	0.0
34	2141.85	6684.2929	723.1	0.0
35	450.38	6342.8595	462.8	0.0
35	1193.15	6411.8991	1265.0	0.0
35	2012.64	6483.0825	709.5	0.0
36	421.52	6164.4796	275.7	0.0
36	847.13	6203.4925	1414.8	0.0
36	1931.67	6296.8722	549.8	0.0
36	2511.04	6342.8595	456.6	0.0
37	374.79	5994.1287	488.1	0.0
37	926.3	6043.2233	2326.2	0.0
37	1664.97	6105.6351	796.5	0.0
37	2516.01	6172.2778	1282.7	0.0
38	642.2	5860.3103	490.2	0.0
38	1284.67	5914.6709	1110.2	0.0
38	2026.18	5973.6649	1998.5	0.0
38	2296.57	5994.1287	954.5	0.0
39	756.53	5720.1828	3002.8	0.0
39	1285.66	5763.529	513.2	0.0
39	1803.66	5804.1412	2498.3	0.0
40	293.47	5539.2618	229.8	0.0
40	871.58	5587.0263	2037.9	0.0
40	1686.21	5650.7048	1266.7	0.0
40	2654.51	5720.1828	1049.8	0.0
41	449.46	5417.4858	334.8	0.0
41	1451.25	5495.8738	1953.6	0.0
41	1706.61	5514.8731	329.2	0.0
41	2044.82	5539.2618	885.0	0.0
41	2322.26	5558.702	1094.9	0.0
42	936.33	5326.9756	380.0	0.0
42	2185.0	5417.4858	618.1	0.0
43	345.88	5158.6041	314.8	0.0
43	1175.03	5221.271	450.6	0.0
43	1692.8	5258.3602	818.3	0.0
44	382.23	5044.7195	179.1	0.0
44	999.4	5090.5455	776.2	0.0
44	1728.5	5141.7827	1615.8	0.0
44	2427.92	5187.7462	353.0	0.0
45	381.67	4933.2091	237.8	0.0
45	917.99	4972.1597	341.6	0.0
45	1566.6	5017.1628	3179.5	0.0
45	2348.32	5067.9737	454.9	0.0
45	2253.62	5062.0371	813.6	0.0
46	678.05	4847.8095	1517.7	0.0
46	1273.51	4889.0422	2008.3	0.0
46	1945.93	4933.2091	729.9	0.0
46	2461.01	4965.0795	1425.4	0.0
47	414.23	4726.8683	1530.3	0.0
47	963.89	4764.8645	12832.0	0.0
47	1586.63	4806.0205	6026.6	0.0
47	2257.79	4847.8095	1112.8	0.0
48	134.01	4609.5673	464.1	0.0
48	1076.92	4673.6609	603.0	0.0
48	1916.61	4726.8688	4447.7	0.0
48	2562.07	4764.8645	2052.9	0.0
49	560.1	4545.0519	2666.7	0.0
49	1249.64	4589.8978	5734.0	0.0
49	2380.79	4657.9012	1652.5	0.0
50	469.06	4448.8792	130.6	0.0
50	979.9	4481.8107	2130.0	0.0
50	1445.58	4510.7332	1828.2	0.0
50	2639.54	4579.3495	269.2	0.0
51	248.25	4348.064	255.5	0.0
51	1083.86	4400.9863	1024.7	0.0
51	1891.08	4448.8792	356.2	0.0
51	2485.65	4481.8107	286.2	0.0
52	442.82	4277.5282	717.2	0.0
52	954.9	4309.2392	314.8	0.0
52	1612.63	4348.064	2899.1	0.0
52	2178.41	4379.6668	378.9	0.0
52	156.94	4259.3619	58.3	1.0
52	285.45	4267.5191	12.1	1.0
52	358.0	4272.1689	125.5	1.0
52	405.6	4275.1596	18.2	1.0
52	528.68	4282.8976	37.0	1.0
52	805.83	4300.1008	480.3	1.0
52	869.0	4303.9892	19.5	1.0
52	921.83	4307.1762	32.6	1.0
52	997.2	4311.7994	23.5	1.0
52	1017.6	4312.9975	137.0	1.0
52	1039.49	4314.3195	21.9	1.0
52	1054.96	4315.2543	54.1	1.0
52	1284.17	4328.9154	59.5	1.0
52	1322.74	4331.1995	993.8	1.0
52	1336.91	4332.0297	221.3	1.0
52	1362.82	4333.5612	957.2	1.0
52	1393.22	4335.3379	364.0	1.0
52	1441.06	4338.1078	29.9	1.0
52	1488.08	4340.8954	27.0	1.0
52	1514.85	4342.4442	57.5	1.0
52	1530.78	4343.3817	19.8	1.0
52	1562.3	4345.168	300.5	1.0
52	1584.64	4346.4367	46.7	1.0
52	1630.06	4349.0722	48.0	1.0
52	1685.02	4352.2049	242.6	1.0
52	1706.79	4353.4487	46.8	1.0
52	1744.01	4355.5259	21.0	1.0
52	1792.94	4358.32	30.8	1.0
52	1811.15	4359.3719	26.5	1.0
52	1859.42	4362.0662	144.9	1.0
52	1889.9	4363.7945	31.3	1.0
52	1928.32	4365.9301	38.7	1.0
52	1962.69	4367.8316	265.0	1.0
52	1998.8	4369.8756	31.9	1.0
52	2015.43	4370.7532	786.3	1.0
52	2025.81	4371.329	271.7	1.0
52	2076.39	4374.1239	86.3	1.0
52	2089.17	4374.7851	52.8	1.0
52	2110.01	4375.9542	233.0	1.0
52	2150.8	4378.1768	44.8	1.0
52	2278.09	4385.0566	123.9	1.0
52	2391.3	4391.1105	32.4	1.0
52	2562.64	4400.0968	47.2	1.0
52	2579.54	4400.9863	79.3	1.0
52	2603.87	4402.2452	26.7	1.0
30	584.52	7412.3368	130.1	1.0
30	1253.57	7484.3267	196.3	1.0
30	2702.11	7625.7053	97.9	1.0
31	446.6	7158.8387	210.4	1.0
31	480.82	7162.5569	69.0	1.0
31	553.57	7170.3607	55.2	1.0
31	608.06	7176.186	50.5	1.0
31	748.32	7191.1328	62.4	1.0
31	832.91	7200.0454	76.9	1.0
31	899.51	7206.9804	803.5	1.0
31	1005.98	7218.0542	116.7	1.0
31	1156.61	7233.5365	67.4	1.0
31	1241.14	7242.0919	61.6	1.0
31	1266.39	7244.6965	61.0	1.0
31	1400.46	7258.177	57.9	1.0
31	1471.2	7265.1724	193.5	1.0
31	1526.85	7270.6636	165.9	1.0
31	2705.0	7380.4263	60.2	1.0
32	59.21	6894.2303	47.6	1.0
32	262.27	6916.1289	53.1	1.0
32	466.2	6937.6642	1093.4	1.0
32	541.5	6945.4902	76.9	1.0
32	599.07	6951.4776	235.0	1.0
32	629.18	6954.656	63.5	1.0
32	684.1	6960.25	295.8	1.0
32	973.3	6989.6553	1176.7	1.0
32	998.88	6992.2126	187.6	1.0
32	1084.76	7000.8036	308.4	1.0
32	1264.63	7018.5675	466.7	1.0
32	1546.24	7045.797	98.6	1.0
32	1628.44	7053.6196	69.3	1.0
32	1702.48	7060.6538	179.3	1.0
32	1789.19	7068.7358	2418.3	1.0
32	1828.64	7072.3939	88.2	1.0
32	1860.08	7075.3336	78.6	1.0
32	2290.51	7114.3984	43.1	1.0
32	2406.17	7124.5607	177.3	1.0
32	2666.51	7147.0416	4602.1	1.0
33	329.74	6713.97	57.1	1.0
33	380.74	6719.1995	130.6	1.0
33	417.24	6722.8899	37.1	1.0
33	524.18	6733.7488	52.9	1.0
33	714.63	6752.8335	5862.6	1.0
33	750.68	6756.4528	866.8	1.0
33	889.26	6770.1069	39.2	1.0
33	910.43	6772.1745	49.9	1.0
33	973.3	6778.3123	246.0	1.0
33	1081.9	6788.8403	136.9	1.0
33	1182.17	6798.4868	53.5	1.0
33	1274.94	6807.319	45.0	1.0
33	1287.94	6808.5311	111.1	1.0
33	1332.62	6812.7752	53.9	1.0
33	1459.25	6824.6774	169.6	1.0
33	1486.82	6827.2488	220.7	1.0
33	1506.13	6829.0355	269.1	1.0
33	1695.72	6846.479	59.2	1.0
33	1858.61	6861.2688	565.1	1.0
33	1883.9	6863.535	147.7	1.0
33	1938.88	6868.4508	73.1	1.0
33	1970.72	6871.2891	5833.3	1.0
33	2009.84	6874.753	161.1	1.0
33	2064.42	6879.5824	237.4	1.0
33	2162.74	6888.1742	330.1	1.0
33	2175.47	6889.3032	62.4	1.0
33	2414.46	6909.8491	54.2	1.0
33	2488.83	6916.1289	65.5	1.0
33	2594.8	6925.0094	71.0	1.0
34	179.7	6501.9919	37.8	1.0
34	249.73	6509.0503	48.4	1.0
34	283.03	6512.3639	125.6	1.0
34	380.48	6522.0432	66.5	1.0
34	543.79	6538.112	317.3	1.0
34	683.49	6551.7055	81.2	1.0
34	709.14	6554.1603	389.1	1.0
34	758.32	6558.8756	106.8	1.0
34	815.98	6564.4445	81.8	1.0
34	938.62	6576.1221	68.4	1.0
34	981.59	6580.2299	69.6	1.0
34	1070.33	6588.5396	2636.2	1.0
34	1101.65	6591.4845	2189.7	1.0
34	1127.91	6593.9391	999.6	1.0
34	1222.98	6602.762	55.0	1.0
34	1390.27	6618.1668	102.3	1.0
34	1421.15	6620.9665	99.2	1.0
34	1612.72	6638.2207	854.0	1.0
34	1629.72	6639.7403	606.9	1.0
34	1674.18	6643.6976	1418.4	1.0
34	1684.95	6644.6635	207.6	1.0
34	1706.39	6646.5407	65.7	1.0
34	1794.69	6654.3675	53.1	1.0
34	1824.29	6656.9386	101.5	1.0
34	1844.41	6658.6774	195.3	1.0
34	1867.08	6660.6761	297.4	1.0
34	1905.77	6664.051	345.3	1.0
34	1932.45	6666.3588	657.6	1.0
34	1961.02	6668.8163	64.8	1.0
34	2029.26	6674.6969	203.9	1.0
34	2059.44	6677.2817	4426.7	1.0
34	2241.42	6692.7262	45.8	1.0
34	2337.98	6700.7499	33.7	1.0
34	2562.69	6719.1995	135.8	1.0
34	2665.17	6727.4583	141.2	1.0
35	18.43	6300.9165	23.7	1.0
35	331.01	6331.4137	32.5	1.0
35	395.6	6337.6201	68.2	1.0
35	416.71	6339.6684	66.2	1.0
35	484.38	6346.1209	40.9	1.0
35	511.5	6348.7375	131.2	1.0
35	587.0	6355.9108	135.2	1.0
35	682.74	6364.8937	124.2	1.0
35	732.49	6369.5748	332.3	1.0
35	758.17	6371.9436	206.7	1.0
35	811.56	6376.9305	434.6	1.0
35	840.77	6379.6733	54.4	1.0
35	895.42	6384.7169	1115.7	1.0
35	924.51	6387.3957	189.2	1.0
35	978.45	6392.3685	49.5	1.0
35	1053.26	6399.2065	203.2	1.0
35	1069.38	6400.6961	133.9	1.0
35	1094.9	6403.0128	196.5	1.0
35	1212.05	6413.6145	416.0	1.0
35	1242.26	6416.3071	5196.4	1.0
35	1265.22	6418.3703	216.7	1.0
35	1306.9	6422.1075	162.4	1.0
35	1315.96	6422.8969	178.6	1.0
35	1413.33	6431.555	225.7	1.0
35	1498.42	6439.0715	474.0	1.0
35	1531.08	6441.8994	177.7	1.0
35	1553.6	6443.8598	166.9	1.0
35	1586.72	6446.7712	95.6	1.0
35	1708.29	6457.2824	3513.2	1.0
35	2082.37	6488.8832	52.7	1.0
35	2104.76	6490.7372	283.7	1.0
35	2159.68	6495.2573	35.7	1.0
35	2186.65	6497.4919	38.7	1.0
35	2241.7	6501.9919	87.3	1.0
35	2328.84	6509.0503	100.7	1.0
35	2369.96	6512.3639	238.2	1.0
35	2388.22	6513.8462	69.3	1.0
35	2609.13	6531.3418	546.4	1.0
35	2695.82	6538.112	173.0	1.0
36	146.25	6138.6465	49.5	1.0
36	218.24	6145.4411	128.6	1.0
36	274.29	6150.683	30.0	1.0
36	287.75	6151.9929	247.2	1.0
36	396.76	6162.17	119.8	1.0
36	505.54	6172.2778	1480.6	1.0
36	572.21	6178.4315	154.2	1.0
36	596.97	6180.705	138.2	1.0
36	617.76	6182.6217	2613.5	1.0
36	677.86	6188.1251	392.1	1.0
36	689.3	6189.1449	56.8	1.0
36	719.27	6191.9053	455.7	1.0
36	740.71	6193.8563	67.1	1.0
36	788.88	6198.2227	675.7	1.0
36	820.79	6201.1002	110.6	1.0
36	873.68	6205.8599	76.5	1.0
36	888.55	6207.2201	983.8	1.0
36	905.33	6208.6869	83.2	1.0
36	985.86	6215.9383	437.2	1.0
36	1031.51	6220.0112	169.6	1.0
36	1046.16	6221.3192	120.2	1.0
36	1082.6	6224.5272	702.5	1.0
36	1103.54	6226.3697	261.1	1.0
36	1178.62	6232.9745	76.0	1.0
36	1199.87	6234.8554	390.1	1.0
36	1255.52	6239.7121	112.3	1.0
36	1269.76	6240.9536	165.2	1.0
36	1294.98	6243.1201	734.1	1.0
36	1317.17	6245.0409	64.8	1.0
36	1355.22	6248.4055	259.2	1.0
36	1460.92	6257.4237	291.2	1.0
36	1626.32	6271.5444	262.1	1.0
36	1657.37	6274.1166	355.5	1.0
36	1790.86	6285.278	100.4	1.0
36	1814.93	6287.2554	78.3	1.0
36	1862.5	6291.1915	155.2	1.0
36	1873.43	6292.0601	148.8	1.0
36	1956.92	6298.9027	71.2	1.0
36	1981.33	6300.9165	118.1	1.0
36	2009.86	6303.2507	112.0	1.0
36	2022.14	6304.2423	55.2	1.0
36	2064.46	6307.657	602.2	1.0
36	2083.03	6309.16	88.1	1.0
36	2165.34	6315.775	106.7	1.0
36	2274.28	6324.3978	108.7	1.0
36	2299.04	6326.3669	151.3	1.0
36	2310.7	6327.2778	399.1	1.0
36	2443.24	6337.6201	89.0	1.0
36	2469.46	6339.6684	75.7	1.0
36	2553.09	6346.1209	42.7	1.0
36	2587.47	6348.7375	110.5	1.0
36	2696.5	6357.0229	41.6	1.0
36	2705.96	6357.6779	41.7	1.0
37	128.57	5971.6008	28.6	1.0
37	150.81	5973.6649	330.7	1.0
37	166.04	5975.0648	145.4	1.0
37	299.57	5987.3016	94.2	1.0
37	319.03	5989.0447	152.1	1.0
37	340.38	5991.0071	169.2	1.0
37	402.52	5996.6297	39.7	1.0
37	428.06	5998.9987	133.2	1.0
37	452.34	6001.2033	114.8	1.0
37	517.93	6007.0722	252.7	1.0
37	552.35	6010.1606	202.3	1.0
37	591.73	6013.6777	128.0	1.0
37	611.06	6015.4218	67.5	1.0
37	650.83	6018.9934	49.9	1.0
37	674.14	6021.0357	459.5	1.0
37	720.68	6025.15	296.2	1.0
37	780.6	6030.445	164.6	1.0
37	799.62	6032.1274	4797.0	1.0
37	862.88	6037.6975	916.7	1.0
37	874.09	6038.6805	162.8	1.0
37	940.3	6044.4327	216.7	1.0
37	993.24	6049.051	656.8	1.0
37	1015.74	6050.9818	115.1	1.0
37	1035.87	6052.7229	641.8	1.0
37	1068.73	6055.5937	70.0	1.0
37	1112.94	6059.3725	1414.0	1.0
37	1138.23	6061.5361	70.2	1.0
37	1175.84	6064.7508	107.7	1.0
37	1187.96	6065.7799	105.2	1.0
37	1225.87	6069.0207	167.2	1.0
37	1273.97	6073.1036	158.4	1.0
37	1330.89	6077.8728	244.7	1.0
37	1346.66	6079.2227	277.7	1.0
37	1370.65	6081.2433	108.4	1.0
37	1419.76	6085.3748	292.4	1.0
37	1451.92	6088.0305	583.2	1.0
37	1562.44	6097.1945	72.9	1.0
37	1616.87	6101.7251	318.0	1.0
37	1688.28	6107.5337	161.7	1.0
37	1753.54	6112.8375	208.1	1.0
37	1779.14	6114.9234	4277.2	1.0
37	1794.4	6116.1661	100.0	1.0
37	1838.79	6119.6998	129.7	1.0
37	1848.59	6120.5564	103.9	1.0
37	1884.24	6123.3619	233.2	1.0
37	1897.93	6124.4805	226.2	1.0
37	1935.24	6127.416	190.5	1.0
37	2015.72	6133.8143	63.1	1.0
37	2077.26	6138.6465	213.6	1.0
37	2164.14	6145.4411	467.2	1.0
37	2231.41	6150.683	63.1	1.0
37	2248.8	6151.9929	644.2	1.0
37	2371.08	6161.3534	100.2	1.0
37	2381.95	6162.17	171.8	1.0
37	2412.39	6164.4796	364.7	1.0
37	2527.04	6173.0964	304.9	1.0
37	2598.78	6178.4315	109.1	1.0
37	2629.48	6180.705	92.7	1.0
37	2730.44	6188.1251	152.9	1.0
38	133.95	5815.4219	31.2	1.0
38	167.56	5818.4495	16.4	1.0
38	306.23	5830.8272	33.1	1.0
38	323.42	5832.3705	54.5	1.0
38	344.82	5834.2633	128.3	1.0
38	417.08	5840.6404	42.9	1.0
38	453.05	5843.8069	46.9	1.0
38	477.5	5845.9188	51.4	1.0
38	570.64	5854.1207	121.2	1.0
38	609.38	5857.4491	59.8	1.0
38	681.54	5863.7184	143.8	1.0
38	717.27	5866.8119	59.4	1.0
38	768.15	5871.1828	84.1	1.0
38	860.73	5879.1265	56.9	1.0
38	902.05	5882.6242	643.5	1.0
38	938.3	5885.7016	544.7	1.0
38	972.33	5888.5841	1504.5	1.0
38	988.61	5889.9531	380.7	1.0
38	1006.31	5891.451	383.7	1.0
38	1139.04	5902.6021	88.1	1.0
38	1158.09	5904.1592	78.2	1.0
38	1174.83	5905.5707	264.1	1.0
38	1253.8	5912.0853	3571.1	1.0
38	1337.08	5918.9442	190.4	1.0
38	1458.12	5928.813	1221.7	1.0
38	1471.88	5929.9343	199.0	1.0
38	1552.07	5936.3861	107.7	1.0
38	1568.04	5937.6634	194.2	1.0
38	1655.34	5944.6472	365.6	1.0
38	1674.61	5946.2347	59.2	1.0
38	1792.61	5955.5616	111.8	1.0
38	1956.88	5968.3199	78.7	1.0
38	1975.03	5969.7373	90.6	1.0
38	1999.47	5971.6008	146.3	1.0
38	2044.49	5975.0648	749.2	1.0
38	2205.46	5987.3016	251.3	1.0
38	2254.87	5991.0071	384.3	1.0
38	2330.27	5996.6297	61.9	1.0
38	2361.62	5998.9987	190.1	1.0
38	2391.33	6001.2033	140.0	1.0
38	2445.96	6005.165	123.3	1.0
38	2471.78	6007.0722	241.6	1.0
38	2514.01	6010.1606	161.4	1.0
38	2562.62	6013.6777	88.8	1.0
38	2586.77	6015.4218	49.3	1.0
38	2664.58	6021.0357	203.2	1.0
38	2722.42	6025.15	108.3	1.0
39	227.25	5674.9864	33.7	1.0
39	306.72	5681.9001	57.8	1.0
39	344.55	5685.1921	43.5	1.0
39	420.1	5691.6612	96.8	1.0
39	548.54	5702.6511	45.6	1.0
39	601.32	5707.1033	219.2	1.0
39	620.16	5708.6794	53.4	1.0
39	819.05	5725.3885	518.9	1.0
39	846.65	5727.7103	65.6	1.0
39	947.3	5736.0297	98.4	1.0
39	989.75	5739.5196	636.7	1.0
39	1018.28	5741.829	288.4	1.0
39	1102.59	5748.7412	403.7	1.0
39	1155.16	5753.0265	510.9	1.0
39	1248.49	5760.5508	9426.2	1.0
39	1416.27	5773.9463	277.6	1.0
39	1459.53	5777.4006	96.4	1.0
39	1615.69	5789.6451	509.7	1.0
39	1651.64	5792.4304	350.8	1.0
39	1699.04	5796.0683	218.5	1.0
39	1714.9	5797.3194	82.4	1.0
39	1730.03	5798.478	88.5	1.0
39	1760.5	5800.8297	846.7	1.0
39	1776.97	5802.0798	254.2	1.0
39	1823.83	5805.7017	70.6	1.0
39	1849.91	5807.6814	58.7	1.0
39	1862.91	5808.6569	42.5	1.0
39	1952.33	5815.4219	183.2	1.0
39	1992.16	5818.4495	40.1	1.0
39	2050.43	5822.7933	47.2	1.0
39	2096.94	5826.2722	51.2	1.0
39	2158.98	5830.8272	69.0	1.0
39	2179.99	5832.3705	127.2	1.0
39	2205.73	5834.2633	304.1	1.0
39	2293.3	5840.6404	67.2	1.0
39	2336.61	5843.8069	65.1	1.0
39	2471.26	5853.4745	95.3	1.0
39	2480.23	5854.1207	104.2	1.0
39	2527.23	5857.4491	47.5	1.0
39	2568.02	5860.3103	261.5	1.0
39	2616.24	5863.7184	78.7	1.0
39	2682.69	5868.3745	39.1	1.0
40	192.45	5530.6977	13.4	1.0
40	336.35	5542.89	60.7	1.0
40	374.76	5546.1204	20.9	1.0
40	399.42	5548.1758	172.9	1.0
40	452.54	5552.6229	41.0	1.0
40	506.04	5557.0454	188.6	1.0
40	638.46	5567.9986	61.3	1.0
40	677.18	5571.1913	333.5	1.0
40	703.57	5573.3535	657.0	1.0
40	738.32	5576.2045	190.2	1.0
40	756.58	5577.6845	230.6	1.0
40	777.27	5579.3583	469.5	1.0
40	808.92	5581.9668	86.0	1.0
40	820.14	5582.8665	64.3	1.0
40	831.47	5583.7621	75.4	1.0
40	892.93	5588.7506	299.5	1.0
40	910.07	5590.1127	59.0	1.0
40	953.15	5593.6129	117.7	1.0
40	971.37	5595.0635	614.6	1.0
40	1001.5	5597.4756	186.9	1.0
40	1014.6	5598.4794	117.3	1.0
40	1053.01	5601.6032	687.7	1.0
40	1089.91	5604.5154	289.0	1.0
40	1117.82	5606.733	2859.4	1.0
40	1185.27	5612.0679	342.3	1.0
40	1226.68	5615.3195	1163.6	1.0
40	1285.55	5619.9755	174.9	1.0
40	1457.32	5633.295	186.5	1.0
40	1541.88	5639.7461	590.8	1.0
40	1565.39	5641.5575	210.3	1.0
40	1619.25	5645.6688	296.5	1.0
40	1686.21	5650.7043	1266.7	1.0
40	1782.43	5657.9255	224.3	1.0
40	1798.33	5659.1272	178.6	1.0
40	1851.3	5663.042	91.5	1.0
40	1880.18	5665.1799	477.1	1.0
40	1906.59	5667.1281	162.3	1.0
40	1997.87	5673.8358	70.0	1.0
40	2013.59	5674.9864	121.5	1.0
40	2041.76	5677.0529	183.5	1.0
40	2108.72	5681.9001	170.0	1.0
40	2154.23	5685.1921	101.0	1.0
40	2244.76	5691.6612	176.4	1.0
40	2311.57	5696.3904	45.6	1.0
40	2464.46	5707.1033	171.0	1.0
40	2487.43	5708.6794	41.2	1.0
40	2731.3	5725.3885	145.5	1.0
41	223.06	5398.9219	48.0	1.0
41	267.59	5402.6048	37.5	1.0
41	366.63	5410.7687	107.9	1.0
41	425.3	5415.5226	67.2	1.0
41	497.39	5421.3517	134.3	1.0
41	530.05	5424.0079	94.2	1.0
41	550.99	5425.6783	71.8	1.0
41	618.17	5431.112	178.0	1.0
41	655.86	5434.1514	97.4	1.0
41	696.58	5437.3877	46.4	1.0
41	729.17	5439.9891	148.5	1.0
41	757.87	5442.2477	55.8	1.0
41	819.36	5447.1536	69.4	1.0
41	876.87	5451.652	596.3	1.0
41	1005.15	5461.7358	59.3	1.0
41	1015.98	5462.6129	70.7	1.0
41	1036.72	5464.2055	230.3	1.0
41	1074.86	5467.1704	90.5	1.0
41	1121.46	5470.7591	154.5	1.0
41	1229.33	5479.0751	70.8	1.0
41	1374.73	5490.1194	76.3	1.0
41	1407.76	5492.6435	363.5	1.0
41	1430.58	5494.3306	148.0	1.0
41	1481.81	5498.1841	148.4	1.0
41	1496.11	5499.2554	1449.8	1.0
41	1563.8	5504.3018	338.0	1.0
41	1588.23	5506.1128	407.4	1.0
41	1620.97	5508.5585	79.3	1.0
41	1640.51	5509.9938	501.8	1.0
41	1801.33	5521.7532	53.0	1.0
41	1877.88	5527.2953	68.9	1.0
41	1890.45	5528.2272	69.3	1.0
41	1998.27	5535.971	41.7	1.0
41	2071.67	5541.1466	69.5	1.0
41	2096.12	5542.89	169.8	1.0
41	2126.84	5545.0495	61.4	1.0
41	2142.02	5546.1204	36.8	1.0
41	2171.29	5548.1758	375.3	1.0
41	2216.57	5551.3719	53.6	1.0
41	2234.92	5552.6229	64.3	1.0
41	2276.91	5555.5312	41.7	1.0
41	2298.93	5557.0454	247.5	1.0
41	2339.27	5559.8912	203.3	1.0
41	2403.4	5564.2011	39.5	1.0
41	2459.12	5567.9986	50.3	1.0
41	2505.97	5571.1913	190.8	1.0
41	2538.34	5573.3535	337.8	1.0
41	2580.63	5576.2045	93.1	1.0
41	2603.01	5577.6845	97.6	1.0
41	2628.17	5579.3583	167.3	1.0
41	2648.6	5580.7547	32.2	1.0
42	214.91	5270.266	20.1	1.0
42	422.13	5286.887	47.5	1.0
42	460.25	5289.8974	33.5	1.0
42	483.99	5291.8163	42.0	1.0
42	516.65	5294.3971	51.8	1.0
42	541.23	5296.2787	85.9	1.0
42	683.0	5307.4655	57.6	1.0
42	742.43	5312.0018	564.3	1.0
42	783.03	5315.2278	49.4	1.0
42	812.83	5317.4944	122.8	1.0
42	855.56	5320.7699	43.1	1.0
42	972.82	5329.7559	111.2	1.0
42	1068.06	5337.0154	51.1	1.0
42	1155.36	5343.5812	1179.8	1.0
42	1233.77	5349.4608	85.2	1.0
42	1316.82	5355.6365	69.9	1.0
42	1377.49	5360.1501	233.3	1.0
42	1391.86	5361.1556	92.2	1.0
42	1410.54	5362.5751	128.8	1.0
42	1522.14	5370.7096	88.2	1.0
42	1549.32	5372.7027	98.1	1.0
42	1560.47	5373.4943	130.0	1.0
42	1579.18	5374.8219	240.6	1.0
42	1691.35	5382.9276	98.0	1.0
42	1742.59	5386.6107	454.0	1.0
42	1826.42	5392.5726	101.6	1.0
42	1857.47	5394.7608	402.1	1.0
42	1896.67	5397.516	156.4	1.0
42	1969.42	5402.6048	151.4	1.0
42	2086.5	5410.7687	304.6	1.0
42	2156.18	5415.5226	132.3	1.0
42	2242.21	5421.3517	182.3	1.0
42	2281.26	5424.0079	129.7	1.0
42	2306.07	5425.6783	84.6	1.0
42	2387.14	5431.112	147.6	1.0
42	2432.5	5434.1514	67.2	1.0
42	2458.88	5435.8925	44.2	1.0
42	2520.95	5439.9891	76.4	1.0
42	2630.83	5447.1536	36.8	1.0
43	43.11	5134.746	14.9	1.0
43	290.02	5154.243	96.1	1.0
43	393.41	5162.2846	217.2	1.0
43	408.41	5163.4584	99.5	1.0
43	438.04	5165.7728	116.6	1.0
43	583.68	5176.961	190.1	1.0
43	664.34	5183.0897	37.8	1.0
43	707.41	5186.4132	45.5	1.0
43	724.89	5187.7462	656.1	1.0
43	813.8	5194.4576	123.3	1.0
43	831.82	5195.8136	331.6	1.0
43	850.6	5197.236	38.2	1.0
43	876.29	5199.1637	852.5	1.0
43	938.99	5203.8479	40.7	1.0
43	957.07	5205.1522	71.1	1.0
43	1038.6	5211.2305	700.3	1.0
43	1067.42	5213.3492	270.0	1.0
43	1145.78	5219.1099	388.2	1.0
43	1270.72	5228.2246	85.0	1.0
43	1310.83	5231.1597	1759.3	1.0
43	1339.17	5233.2254	92.6	1.0
43	1352.03	5234.1069	64.3	1.0
43	1417.25	5238.8137	214.0	1.0
43	1427.35	5239.552	209.9	1.0
43	1540.75	5247.6547	267.7	1.0
43	1636.79	5254.4648	153.5	1.0
43	1717.58	5260.1041	173.6	1.0
43	1813.07	5266.7103	399.0	1.0
43	1903.65	5272.927	83.4	1.0
43	1920.62	5274.1188	152.2	1.0
43	2023.08	5281.0687	99.7	1.0
43	2108.84	5286.887	97.7	1.0
43	2182.71	5291.8163	67.2	1.0
43	2221.87	5294.3971	72.2	1.0
43	2453.96	5309.6093	31.3	1.0
43	2463.9	5310.2665	42.5	1.0
43	2491.25	5312.0018	251.0	1.0
43	2541.4	5315.2278	28.7	1.0
43	2576.88	5317.4944	53.9	1.0
43	2629.32	5320.7699	29.4	1.0
43	2727.23	5326.9756	77.5	1.0
44	171.77	5028.6556	45.2	1.0
44	310.05	5039.2303	85.2	1.0
44	449.02	5049.796	105.3	1.0
44	462.43	5050.7842	77.1	1.0
44	477.06	5051.8887	45.5	1.0
44	522.6	5055.3473	51.1	1.0
44	612.36	5062.0371	867.0	1.0
44	667.8	5066.1355	65.7	1.0
44	692.12	5067.9737	682.8	1.0
44	854.5	5079.9079	35.5	1.0
44	874.83	5081.4462	66.7	1.0
44	1082.3	5096.4848	230.3	1.0
44	1103.99	5098.0432	67.0	1.0
44	1140.03	5100.6211	318.2	1.0
44	1342.69	5115.0448	717.1	1.0
44	1449.55	5122.4995	98.0	1.0
44	1535.14	5128.4897	112.9	1.0
44	1572.14	5131.072	46.9	1.0
44	1625.61	5134.746	183.2	1.0
44	1665.59	5137.4733	97.1	1.0
44	1759.72	5143.9165	241.5	1.0
44	1780.39	5145.3083	892.7	1.0
44	1823.09	5148.2115	68.8	1.0
44	1913.19	5154.243	452.7	1.0
44	1978.58	5158.6041	1063.6	1.0
44	2022.93	5161.5396	137.8	1.0
44	2034.28	5162.2846	575.0	1.0
44	2051.97	5163.4584	259.8	1.0
44	2086.97	5165.7728	246.9	1.0
44	2155.52	5170.2227	38.3	1.0
44	2208.48	5173.6715	50.1	1.0
44	2233.79	5175.3248	58.2	1.0
44	2247.98	5176.2292	124.5	1.0
44	2259.23	5176.961	213.2	1.0
44	2282.1	5178.48	34.2	1.0
44	2407.47	5186.4132	33.2	1.0
44	2477.42	5190.872	41.2	1.0
44	2524.82	5193.8256	41.6	1.0
44	2534.69	5194.4576	53.7	1.0
44	2556.52	5195.8136	116.2	1.0
44	2610.47	5199.1637	196.0	1.0
44	2708.4	5205.1522	30.2	1.0
45	86.47	4911.1358	10.6	1.0
45	202.05	4919.8157	63.3	1.0
45	308.23	4927.7803	27.0	1.0
45	430.01	4936.7746	31.0	1.0
45	444.35	4937.8295	43.8	1.0
45	468.8	4939.6422	118.0	1.0
45	514.73	4943.0642	110.8	1.0
45	548.1	4945.4587	186.5	1.0
45	564.62	4946.6637	34.2	1.0
45	576.48	4947.5752	27.6	1.0
45	618.59	4950.6264	39.5	1.0
45	721.24	4958.0988	27.1	1.0
45	772.5	4961.726	36.6	1.0
45	818.84	4965.0795	3852.2	1.0
45	870.62	4968.7556	36.5	1.0
45	970.54	4975.9485	27.0	1.0
45	1031.12	4980.1859	84.1	1.0
45	1063.81	4982.4875	126.1	1.0
45	1104.86	4985.3725	306.0	1.0
45	1130.37	4987.147	43.8	1.0
45	1161.0	4989.3086	115.5	1.0
45	1345.43	5002.0972	633.8	1.0
45	1433.66	5008.1897	31.3	1.0
45	1451.1	5009.3344	1522.0	1.0
45	1605.5	5019.8062	179.8	1.0
45	1639.07	5022.0051	77.6	1.0
45	1737.88	5028.6556	423.7	1.0
45	1756.24	5029.8916	113.1	1.0
45	1838.81	5035.3375	33.1	1.0
45	1883.41	5038.3018	31.3	1.0
45	1898.54	5039.2303	368.6	1.0
45	1920.27	5040.6805	74.7	1.0
45	1982.72	5044.7195	554.6	1.0
45	2018.63	5047.0434	145.3	1.0
45	2061.17	5049.796	221.6	1.0
45	2076.79	5050.7842	152.9	1.0
45	2093.89	5051.8887	71.6	1.0
45	2276.77	5063.5157	40.2	1.0
45	2319.25	5066.1355	52.6	1.0
45	2468.72	5075.4659	24.7	1.0
45	2645.51	5086.1774	24.4	1.0
45	2696.06	5089.2192	25.1	1.0
46	72.0	4803.9559	7.4	1.0
46	99.72	4806.0205	312.0	1.0
46	128.21	4808.1337	39.5	1.0
46	148.37	4809.614	21.9	1.0
46	195.54	4813.0069	11.8	1.0
46	302.53	4820.8847	26.5	1.0
46	312.2	4821.5878	31.7	1.0
46	330.06	4822.8548	70.0	1.0
46	382.92	4826.7004	57.4	1.0
46	426.53	4829.7973	16.8	1.0
46	444.56	4831.1213	126.9	1.0
46	468.08	4832.8025	34.7	1.0
46	545.03	4838.3546	15.5	1.0
46	579.87	4840.8492	244.0	1.0
46	623.71	4843.9413	66.4	1.0
46	640.27	4845.1626	33.0	1.0
46	715.06	4850.4397	59.2	1.0
46	749.58	4852.8685	48.5	1.0
46	896.61	4863.1724	285.0	1.0
46	959.8	4867.556	82.0	1.0
46	978.84	4868.8814	84.7	1.0
46	1013.34	4871.289	58.8	1.0
46	1037.37	4872.9169	312.1	1.0
46	1057.6	4874.3645	145.8	1.0
46	1121.86	4878.733	580.6	1.0
46	1138.47	4879.8635	11555.2	1.0
46	1157.48	4881.2046	90.6	1.0
46	1173.32	4882.2432	244.2	1.0
46	1294.51	4890.4582	47.9	1.0
46	1338.74	4893.4453	45.8	1.0
46	1361.12	4894.9551	1190.9	1.0
46	1424.7	4899.2401	53.2	1.0
46	1467.25	4902.0545	106.7	1.0
46	1478.38	4902.7943	53.6	1.0
46	1507.8	4904.7516	620.9	1.0
46	1544.67	4907.2093	39.4	1.0
46	1590.08	4910.1576	83.6	1.0
46	1608.38	4911.3787	57.9	1.0
46	1625.57	4912.5293	61.2	1.0
46	1737.63	4919.8157	462.7	1.0
46	1764.59	4921.6134	60.6	1.0
46	1831.68	4925.9501	37.6	1.0
46	1860.79	4927.7803	98.6	1.0
46	1880.63	4929.086	43.0	1.0
46	1895.44	4929.985	28.3	1.0
46	2002.69	4936.7746	65.7	1.0
46	2018.88	4937.8295	94.5	1.0
46	2047.55	4939.6422	229.4	1.0
46	2075.06	4941.416	27.5	1.0
46	2101.36	4943.0642	179.2	1.0
46	2140.5	4945.4587	254.6	1.0
46	2160.09	4946.6637	47.4	1.0
46	2174.2	4947.5752	38.9	1.0
46	2223.6	4950.6264	40.4	1.0
46	2579.78	4972.1597	83.9	1.0
46	2716.27	4980.1859	30.2	1.0
47	93.27	4703.9898	43.3	1.0
47	118.47	4705.7606	14.2	1.0
47	124.46	4706.2511	11.5	1.0
47	188.84	4710.8238	9.0	1.0
47	211.68	4712.4814	15.8	1.0
47	339.12	4721.591	35.0	1.0
47	365.84	4723.4382	171.5	1.0
47	384.82	4724.7723	13.8	1.0
47	446.16	4729.1282	47.6	1.0
47	467.97	4730.6593	18.0	1.0
47	487.91	4732.0532	347.7	1.0
47	543.04	4735.9058	1240.8	1.0
47	596.98	4739.6764	44.0	1.0
47	632.42	4742.1174	26.6	1.0
47	678.36	4745.3375	24.0	1.0
47	734.5	4749.2002	101.1	1.0
47	745.34	4749.9713	56.6	1.0
47	781.47	4752.4141	96.7	1.0
47	851.63	4757.2196	46.5	1.0
47	963.89	4764.8646	12832.0	1.0
47	989.5	4766.6006	188.3	1.0
47	1146.95	4777.1915	44.6	1.0
47	1163.71	4778.294	698.7	1.0
47	1184.9	4779.7286	47.1	1.0
47	1211.53	4781.526	27.4	1.0
47	1247.85	4783.8617	65.0	1.0
47	1297.13	4787.148	79.2	1.0
47	1331.11	4789.3868	324.7	1.0
47	1372.14	4792.0819	85.6	1.0
47	1390.04	4793.2446	48.4	1.0
47	1430.96	4795.9131	53.3	1.0
47	1496.08	4800.1724	28.6	1.0
47	1509.45	4801.0517	18.3	1.0
47	1619.51	4808.1337	601.8	1.0
47	1642.75	4809.614	179.5	1.0
47	1685.7	4812.3755	44.4	1.0
47	1695.6	4813.0069	41.5	1.0
47	1793.68	4819.193	37.8	1.0
47	1820.06	4820.8847	104.7	1.0
47	1831.32	4821.5878	120.0	1.0
47	1851.65	4822.8548	295.5	1.0
47	1864.23	4823.6058	116.9	1.0
47	1912.99	4826.7004	174.9	1.0
47	1962.11	4829.7973	31.8	1.0
47	1984.37	4831.1213	302.9	1.0
47	2012.09	4832.8025	64.4	1.0
47	2142.52	4840.8492	301.5	1.0
47	2193.57	4843.9413	65.5	1.0
47	2213.48	4845.1626	34.0	1.0
47	2291.75	4849.8617	32.3	1.0
47	2301.67	4850.4397	43.4	1.0
47	2342.21	4852.8685	35.3	1.0
47	2399.13	4856.2756	20.4	1.0
47	2516.84	4863.1724	78.8	1.0
47	2556.67	4865.4775	111.7	1.0
47	2592.7	4867.556	29.8	1.0
47	2685.36	4872.9169	49.8	1.0
47	2711.17	4874.3645	31.7	1.0
48	191.47	4613.6044	15.1	1.0
48	216.16	4615.334	13.0	1.0
48	300.36	4621.1629	12.9	1.0
48	405.07	4628.4409	60.4	1.0
48	482.48	4633.7657	24.3	1.0
48	533.25	4637.2328	219.0	1.0
48	554.64	4638.6849	28.5	1.0
48	680.77	4647.2509	40.4	1.0
48	691.7	4647.9564	17.9	1.0
48	725.1	4650.2343	32.4	1.0
48	744.32	4651.5552	42.0	1.0
48	839.04	4657.9012	5214.2	1.0
48	864.22	4659.5698	30.0	1.0
48	876.18	4660.3941	20.0	1.0
48	918.64	4663.2026	110.5	1.0
48	945.29	4664.9704	20.0	1.0
48	993.98	4668.1716	121.4	1.0
48	1021.06	4669.9842	134.3	1.0
48	1113.62	4676.0555	136.4	1.0
48	1146.29	4678.2352	29.5	1.0
48	1208.63	4682.2319	69.0	1.0
48	1225.42	4683.3517	63.7	1.0
48	1269.29	4686.1946	214.2	1.0
48	1338.22	4690.6219	86.0	1.0
48	1353.1	4691.6354	117.8	1.0
48	1392.18	4694.0914	93.5	1.0
48	1406.84	4695.0381	258.7	1.0
48	1457.36	4698.2248	25.4	1.0
48	1487.08	4700.1402	21.7	1.0
48	1497.03	4700.7711	26.9	1.0
48	1521.42	4702.3161	464.1	1.0
48	1547.9	4703.9898	897.2	1.0
48	1575.74	4705.7606	60.8	1.0
48	1615.96	4708.294	58.4	1.0
48	1656.71	4710.8238	44.2	1.0
48	1683.23	4712.4814	85.8	1.0
48	1811.58	4720.4586	35.7	1.0
48	1829.78	4721.591	150.8	1.0
48	1860.57	4723.4382	648.7	1.0
48	1916.61	4726.8683	4447.7	1.0
48	1953.65	4729.1282	106.7	1.0
48	1979.35	4730.6593	36.5	1.0
48	2002.1	4732.0532	683.2	1.0
48	2066.1	4735.9058	1858.8	1.0
48	2129.1	4739.6764	49.2	1.0
48	2143.67	4740.5292	70.2	1.0
48	2170.7	4742.1174	31.3	1.0
48	2196.3	4743.687	31.7	1.0
48	2224.46	4745.3375	23.3	1.0
48	2290.23	4749.2002	63.7	1.0
48	2302.83	4749.9713	39.1	1.0
48	2345.48	4752.4141	53.3	1.0
48	2495.47	4761.1101	20.6	1.0
48	2562.07	4764.8646	2052.9	1.0
48	2592.29	4766.6006	38.1	1.0
49	117.65	4515.1182	15.0	1.0
49	206.09	4521.1939	18.4	1.0
49	223.49	4522.323	25.5	1.0
49	249.18	4524.1289	9.5	1.0
49	344.27	4530.5523	46.5	1.0
49	499.06	4540.999	27.6	1.0
49	573.05	4545.9156	38.3	1.0
49	600.7	4547.7589	41.3	1.0
49	722.47	4555.8127	69.0	1.0
49	760.68	4558.3458	20.0	1.0
49	853.28	4564.4054	114.3	1.0
49	896.69	4567.2403	50.3	1.0
49	954.4	4570.9722	88.0	1.0
49	1084.09	4579.3495	3769.0	1.0
49	1113.0	4581.1732	33.7	1.0
49	1226.23	4588.4261	126.2	1.0
49	1293.52	4592.666	106.0	1.0
49	1337.2	4595.4206	349.5	1.0
49	1348.09	4596.0967	373.6	1.0
49	1390.48	4598.7627	906.6	1.0
49	1485.06	4604.6529	18.0	1.0
49	1537.67	4607.9347	52.5	1.0
49	1564.54	4609.5673	8873.8	1.0
49	1601.99	4611.8597	32.8	1.0
49	1630.57	4613.6044	46.0	1.0
49	1701.09	4617.9065	19.3	1.0
49	1726.81	4619.4794	37.0	1.0
49	1754.35	4621.1629	47.4	1.0
49	1875.0	4628.4409	175.0	1.0
49	1930.44	4631.7617	43.9	1.0
49	1964.73	4633.7657	54.5	1.0
49	2023.29	4637.2328	363.4	1.0
49	2048.04	4638.6849	39.3	1.0
49	2131.45	4643.5566	20.9	1.0
49	2195.07	4647.2509	36.0	1.0
49	2245.93	4650.2343	26.5	1.0
49	2269.7	4651.5552	30.5	1.0
49	2410.55	4659.5698	18.9	1.0
49	2474.87	4663.2026	37.5	1.0
49	2663.47	4673.6609	59.5	1.0
50	124.49	4426.0011	112.5	1.0
50	162.46	4428.5536	10.4	1.0
50	186.96	4430.189	86.7	1.0
50	199.51	4430.9963	32.5	1.0
50	241.62	4433.838	44.7	1.0
50	326.63	4439.4614	47.0	1.0
50	424.32	4445.9012	20.8	1.0
50	559.04	4454.7738	24.5	1.0
50	608.71	4458.0015	45.5	1.0
50	648.37	4460.5574	44.0	1.0
50	696.61	4463.666	24.2	1.0
50	722.38	4465.3406	22.1	1.0
50	787.18	4469.5253	29.8	1.0
50	868.92	4474.7594	994.5	1.0
50	945.5	4479.6376	19.6	1.0
50	1004.13	4483.3468	42.3	1.0
50	1060.47	4486.8973	98.7	1.0
50	1088.7	4488.6803	37.5	1.0
50	1125.67	4490.9816	185.2	1.0
50	1163.32	4493.3337	890.5	1.0
50	1247.64	4498.5384	135.5	1.0
50	1270.15	4499.9832	74.3	1.0
50	1318.19	4502.9268	212.3	1.0
50	1355.3	4505.2167	53.3	1.0
50	1376.37	4506.473	38.9	1.0
50	1474.79	4512.4832	19.0	1.0
50	1493.98	4513.6799	41.7	1.0
50	1517.91	4515.1182	148.3	1.0
50	1586.37	4519.2592	44.1	1.0
50	1618.84	4521.1939	107.8	1.0
50	1637.5	4522.323	240.0	1.0
50	1667.4	4524.1289	17.0	1.0
50	1749.09	4528.974	16.7	1.0
50	1775.76	4530.5523	207.8	1.0
50	1804.99	4532.2577	21.0	1.0
50	1836.82	4534.1198	18.5	1.0
50	1896.84	4537.6426	50.5	1.0
50	1954.38	4540.999	58.5	1.0
50	2003.96	4543.8692	31.2	1.0
50	2024.41	4545.0519	4002.2	1.0
50	2039.26	4545.9156	44.9	1.0
50	2071.28	4547.7589	52.8	1.0
50	2136.44	4551.4736	16.5	1.0
50	2148.76	4552.1536	22.3	1.0
50	2212.77	4555.8127	49.2	1.0
50	2311.88	4561.3477	29.8	1.0
50	2366.06	4564.4054	41.9	1.0
50	2417.29	4567.2403	22.8	1.0
50	2563.01	4575.2338	18.7	1.0
51	26.91	4333.5612	23.1	1.0
51	33.29	4333.9369	12.5	1.0
51	96.0	4338.1078	12.0	1.0
51	311.96	4352.2049	38.5	1.0
51	330.91	4353.4487	13.9	1.0
51	464.97	4362.0662	53.6	1.0
51	525.02	4365.9301	21.5	1.0
51	554.72	4367.8316	156.5	1.0
51	600.68	4370.7532	654.6	1.0
51	627.81	4372.49	18.5	1.0
51	653.26	4374.1239	85.6	1.0
51	682.49	4375.9542	284.7	1.0
51	717.67	4378.1768	57.5	1.0
51	741.46	4379.6668	650.8	1.0
51	776.12	4381.8601	63.0	1.0
51	827.02	4385.0566	338.5	1.0
51	924.03	4391.1105	94.9	1.0
51	954.03	4392.974	31.1	1.0
51	966.2	4393.759	17.2	1.0
51	1019.39	4397.0097	24.1	1.0
51	1069.44	4400.0968	432.5	1.0
51	1115.41	4402.9271	81.5	1.0
51	1213.1	4408.8828	188.5	1.0
51	1306.11	4414.4863	48.9	1.0
51	1345.54	4416.8447	39.4	1.0
51	1432.04	4422.0479	31.9	1.0
51	1498.34	4426.0011	3045.2	1.0
51	1569.2	4430.189	1370.1	1.0
51	1582.83	4430.9963	421.8	1.0
51	1604.26	4432.2523	31.5	1.0
51	1615.73	4432.9628	46.1	1.0
51	1631.29	4433.838	429.4	1.0
51	1650.55	4434.9564	32.8	1.0
51	1673.45	4436.2844	29.2	1.0
51	1715.84	4438.7464	29.1	1.0
51	1727.77	4439.4614	272.4	1.0
51	1764.93	4441.6084	22.1	1.0
51	1801.23	4443.6657	23.7	1.0
51	1839.17	4445.9012	62.5	1.0
51	1872.75	4447.8346	20.2	1.0
51	1955.8	4452.5655	45.4	1.0
51	2029.03	4456.708	18.0	1.0
51	2052.17	4458.0015	56.8	1.0
51	2097.68	4460.5574	43.1	1.0
51	2259.93	4469.5253	23.9	1.0
51	2286.95	4470.9906	20.5	1.0
51	2355.16	4474.7594	270.2	1.0
51	2445.66	4479.6376	19.4	1.0
51	2658.97	4490.9816	29.5	1.0
51	2703.63	4493.3337	49.7	1.0
31	954.62	7212.6896	78.7	1.0
31	2265.77	7341.1515	58.5	1.0
31	2663.89	7376.8772	53.3	1.0
30	20.18	7348.053	38.4	1
30	702.14	7425.2942	139.1	1
30	735.86	7428.9405	114.2	1
30	747.53	7430.2533	80.9	1
30	794.62	7435.3683	351.6	1
30	1128.3	7471.1641	202.7	1
30	1654.54	7525.5079	72.2	1
30	1773.5	7537.4287	59.9	1
52	23.46	4250.7749	13.5	1
52	92.06	4255.2373	11.8	1
52	672.0	4291.8098	19.1	1
52	761.07	4297.3066	22.5	1
52	885.78	4304.9565	18.7	1
52	1107.99	4318.4157	25.5	1
51	137.9	4340.8954	11.2	1
50	182.26	4429.8227	11.9	1
48	1127.16	4676.9721	25.4	1
47	1759.84	4817.0206	32.2	1
46	826.66	4858.3327	36.1	1
45	1317.76	5000.2463	35.5	1
44	22.82	5017.1628	111.8	1
44	56.64	5019.8062	16.0	1
43	77.0	5137.4733	13.2	1
43	131.25	5141.7827	136.0	1
43	175.91	5145.3083	107.5	1
43	212.52	5148.2115	16.3	1
43	2250.64	5296.2787	109.2	1
43	2715.62	5326.2774	38.2	1
42	66.92	5258.3602	54.5	1
42	1916.81	5398.9219	216.4	1
41	74.33	5386.6107	36.3	1
41	172.29	5394.7608	55.3	1
41	205.98	5397.516	32.3	1
39	45.11	5659.1272	19.8	1
39	114.13	5665.1799	59.2	1
39	250.37	5677.0529	48.8	1
39	1393.61	5772.1143	374.7	1
39	2366.5	5845.9188	59.8	1
39	2704.88	5869.8507	50.2	1
38	58.0	5808.6569	16.2	1
37	108.22	5969.7373	18.8	1
36	2182.65	6317.1824	68.1	1
36	2681.56	6355.9108	80.2	1
35	258.04	6324.3978	48.7	1
35	2491.05	6522.0432	79.7	1
34	950.06	6577.2146	660.0	1
34	2015.87	6673.5797	56.1	1
34	2092.45	6680.0811	31.8	1
34	2464.72	6711.2521	59.8	1
34	2540.0	6717.3851	48.3	1
33	567.96	6738.18	46.1	1
33	1755.28	6851.8842	107.8	1
32	1956.06	7084.169	304.1	1
32	1983.83	7086.7044	128.4	1
32	2213.3	7107.4778	382.7	1
32	2420.83	7125.82	259.8	1
32	2704.82	7150.2844	73.7	1
31	1951.23	7311.7159	340.0	1
31	2089.56	7324.8073	44.2	1
31	2205.5	7335.5772	39.3	1
31	2399.8	7353.293	420.5	1
