30
5
5
-88873.41442078962
128561.63530418991
253.78700303818337
-4.210905976650189
0.03170056456408482
-8.081803200113216e-05
6.9114693822639355
-0.2605022629336353
0.0034228599936209202
-1.740831847697036e-05
2.1742762223481357e-08
-0.0010567034589845585
4.826564849309131e-05
-1.7955871506559482e-08
-6.405578598329136e-09
3.7688847925538806e-11
1.4701654755547952e-07
-2.957829779885147e-09
-1.5338082889127667e-10
2.851566425652247e-12
-1.3187739713860864e-14
-9.52054192132883e-12
1.395055838009212e-14
1.654809250153616e-14
-2.6679303286424936e-16
1.1883735527158143e-18
